-5.142632389225584300e-01
-8.950785415623911667e-02
-3.787001603431912056e-01
-4.184634098883757147e+00
-1.077018296926092883e-01
-1.314582620149370717e-01
-4.860004623656939415e-01
-5.328891152706941803e+00
2.883887262683344943e+00
3.667668875278602414e+00
4.026614918878345328e+00
-1.275737893514400645e-01
-3.325898861898346492e-01
-7.051349965063592740e-02
-2.131843165050029576e+00
-1.157704861002561841e-01
-1.849235668219621764e-01
-1.397957068230386291e-01
-3.629241039070530972e-01
-1.912021644624835315e-01
-8.151682571725675508e-02
-7.266880705571816534e-01
-1.056485524363787731e-01
-5.179721229515606984e-01
-1.954806844580193048e-01
-1.794363054557317205e-01
-2.270900084177710498e-01
-2.081510322251624023e-01
-6.824930324802722659e-01
-1.156988773091440104e+00
-1.067234602821374168e-01
-2.350329190953822645e-01
-1.306047353738967465e-01
-1.099626675748323068e-01
-1.113296801741030934e-01
-1.593086951287152608e-01
-7.798643175809749639e-02
-5.789721652857062750e-01
-1.280069163832396328e-01
-7.927156482315061981e-02
-1.646140762885085207e-01
1.853747772936903404e+00
-8.678583927077378191e-02
-4.495963124502728170e-01
-2.696103107407935018e-01
-1.033857350661522012e-01
-5.190485430556255331e-01
-1.885253333542189713e+00
-1.177068573982276156e-01
-1.149227341155604765e-01
-1.284835414067484194e-01
-1.305596766792609942e-01
-2.106501098783251924e-01
6.996647124186292643e-01
-7.508749947827343396e-01
-1.102984152580801236e-01
-1.171688321409237177e-01
-1.479094945373970127e+00
-3.396919787931579893e-01
-1.861307234064859817e-01
-2.705863815642065573e-01
-1.324517375694882204e-01
-2.281955473695304881e-01
-9.442771153920440086e-02
-1.806066486870094190e+00
-1.144223011652377026e-01
-8.401346829226653823e-02
-6.880316372884601739e-01
-1.190617650096323782e-01
-2.822293811565161348e-01
-8.777830855316635927e-02
-1.034291873381712051e-01
-3.411915028248471593e+00
-1.230080689012696266e-01
-1.211674296887086943e-01
-3.459790376107572674e-01
-3.746227619478313398e-01
-7.851423546103089568e-02
-1.664762667245115180e-01
-9.171629626329622087e-02
-9.233249307935412764e-01
9.740007456177012246e-01
-1.084676098060772670e-01
-7.849830396198272109e-02
-6.881010545702963555e-01
-8.188585063216037574e-02
-8.224277809558691588e-02
-4.971640673923266029e-01
-2.313737378593347938e+00
-1.144295674194074075e-01
-2.065179714730461580e+00
-2.213701160715244587e-01
-9.982274062618533284e-02
-3.198588062393912246e-01
-2.974427682273342866e-01
-1.961340705021425990e-01
-8.155336626265771716e-02
-1.433193338525590443e-01
-9.637784373496256773e-02
-7.087332618683181984e-01
-1.014744708828239639e-01
-2.510626535258091874e+00
-9.587424169448494071e-02
-1.213795635641087972e-01
-1.081878036875747878e-01
-2.776134496448282585e-01
-2.385911146032857477e+00
-2.740894821372959478e-01
-9.853656112423293811e-02
-1.342921192251683160e-01
-9.122411784692141534e-02
-2.085762175945913011e-01
-2.051383082845397443e-01
-2.646995944374071486e-01
-1.573569953880820105e+00
-5.202799648195660653e-01
-1.266465841685717464e-01
-1.045716930648617760e-01
-1.543104957654510834e-01
-3.402860048448284491e+00
-1.365019674437546460e-01
3.866486196729163272e+00
-1.491333106458301860e-01
-3.501653032040899505e-01
-6.828906966072720852e-01
-2.074891161661054917e-01
-7.500187607941326551e-01
-7.393672993672993243e+00
7.059412379686907935e-01
-4.751330533553727031e-01
-1.924987031724631759e-01
-4.078118290475635788e-01
-1.193195375063003327e+00
-7.754912343925315366e-01
-1.167621110103885251e-01
-6.094784042160122928e-01
-3.613758871847107645e+00
-1.734440847954770160e-01
-6.904979910707292889e-02
1.284373021968837403e+00
-1.663453844270626758e-01
7.410038169084299797e-01
-1.231874715942754273e-01
-9.518206642301235698e-02
-1.143650096011935291e-01
-1.657400471397730002e-01
-8.478661486091779165e-02
-1.335514157495288345e-01
-1.793687998862081301e-01
-1.382297191095960831e-01
-1.424532059515283056e+00
-2.111011980921393971e-01
-8.997540067396361807e-02
1.842457977038248540e+00
-2.273060731447660021e-01
-1.243029083053715650e-01
-2.183787466764861129e+00
-1.870295729528466122e+00
-1.209729661041748922e-01
-1.910956583721271640e-01
-1.327738938771503563e-01
-1.235155897302968597e-01
-1.274171973865182994e-01
-8.520498379524883703e-02
3.012502928206969521e+00
-1.059560267082769597e-01
6.275077428730168050e-01
-1.145156256081141244e-01
-9.441533378425583101e-02
-3.357112143695401008e-01
-8.844650573102891267e-01
-1.670598496884137807e-01
-3.473369471474646586e-01
-2.331605809998191337e+00
2.044380280680297091e+00
-1.716025094635105441e+00
-7.502852757759009839e-02
-1.085068605670661823e-01
-1.725864560705267392e+00
-1.120858915448094961e-01
-1.919463831800230835e+00
-4.467737414435185572e-01
-1.733743436194128407e-01
-3.061173547742299661e-01
-2.568215921612986286e-01
8.366252965768408156e-01
-1.173395738701012714e-01
-1.125367228044720364e-01
-1.132273119740286216e+00
-2.707028684826165987e-01
-1.355116878564461003e-01
-1.753354488350455265e+00
-1.463583285208821805e-01
-1.189577158949523261e-01
-1.877630877259023334e+00
-1.271872192499998444e-01
-1.274794075020388717e-01
7.156722677327418403e-01
-2.266130019457016365e-01
-1.592083825352241522e-01
-5.107399089445875395e-01
-8.802463677838524847e-02
-1.674983889023447192e+00
-5.096403596403596303e+00
-1.186219902645568869e-01
-1.640956280384365806e-01
-1.011200045519250745e-01
-1.798853135525763758e+00
-1.634809255130274530e-01
-9.711321000961304906e-01
-4.595962779051014024e+00
-5.198952005364652074e-01
-8.128230932911385820e-02
-6.227768786970830917e-01
4.961896243898553216e+00
-2.447019787917498190e-01
-1.023941912120984732e-01
-1.305113394038899477e+00
-1.741328327426256761e+00
-3.558042804113718538e-01
-2.233282628259519176e-01
-8.138142204266389790e-01
-1.860842460058273751e-01
-4.327559932145975119e-01
-2.280187664232095068e-01
9.367091176104446193e-01
-3.299205243824815170e+00
-3.167257993009389150e-01
-2.491565703322030367e-01
-1.165770356930258406e-01
-1.561947902170015001e-01
-2.932437782063990750e-01
-5.269662761694954289e-01
-8.067841942331499538e-01
-4.760328234463857000e-01
-8.869869684933300302e-01
-6.122773022366274631e-01
-4.965605513327037812e+00
-5.603448349036583842e+00
-1.010970834502484261e-01
-7.097454453146405662e-01
-8.675173437673436183e+00
-1.831388319486256244e-01
-2.361837395914757609e-01
-2.814131551557399469e+00
-1.003354011546130908e-01
-1.168891443952364967e-01
-2.793176741230520288e-01
-1.163882688446375158e-01
-1.076030539604579811e-01
-2.660887087379972815e-01
-2.525063356293032468e-01
-2.317271031620035948e-01
9.663819166238148961e-01
-3.988976214441850576e-01
-8.659262017371871512e-02
-3.148588131755571062e+00
-1.120260251710773619e-01
2.774186816099612596e+00
4.050370895608499389e+00
-1.094594412571404940e-01
-1.669646726766123468e+00
-8.546725312436764810e-02
-9.370641958777772840e-02
-1.667759885717802482e-01
-4.006609501738540025e-01
-2.073347301299982348e+00
-1.539557659270390511e-01
-1.137557507679340940e-01
9.628865110970665775e-01
-1.185932437700284725e-01
-3.654883577162497121e-01
-1.737928596173876183e+00
-5.208418180870368897e-01
-7.998040749586809994e-02
-2.008135079641167886e-01
-2.831325725953163230e-01
-1.044247147792516789e-01
-3.938589173230732654e-01
-2.112072269537262348e-01
-1.102313628147268826e-01
-9.568772589881123503e-02
-8.840764599553487812e-01
-1.011841715875763797e-01
-9.915506091999629068e-02
-2.317242824400681245e-01
-4.006007125468229457e-01
-1.430380129413735268e-01
-1.607211349318158067e-01
-1.171715067290861334e-01
-3.610314108434390934e-01
-9.704477806139558127e-02
-1.043342953420878239e-01
-1.009748714563120792e-01
-8.287789509434628776e-02
-1.294324601095670824e+00
-1.560258874126780659e+00
-9.945012967394226133e-02
-1.056962534498111089e-01
-2.566278677385053775e-01
-1.365847916388815753e+00
-2.599026725762147438e-01
-5.894687771137089305e-01
-1.123222614876441122e-01
-2.808443110018223332e-01
-7.857235126738351672e-02
2.868345994171833446e+00
-1.337995880873832366e+00
-3.154247670661318725e-01
-1.188343575690916226e-01
-2.521687772646851844e+00
-1.259430622792465926e-01
-5.509737533204915882e-01
-3.467153746890252464e+00
-1.407389826998265425e-01
-5.007387769826212143e+00
-2.925089543074706477e-01
-1.233774817858562356e+00
-3.631758130407006568e+00
-2.342746874812092095e+00
-4.810770533418541883e-01
-1.237232118379216206e-01
-9.079692839422647266e-01
-4.333073093628873607e-01
-1.439003327261217935e-01
-4.235090145097618830e+00
-6.061486269243760994e-01
-9.187929799055109814e-02
-2.361059978934453851e-01
-1.223149027109882575e-01
-2.397499713877779826e-01
-1.067164155811065829e+00
-9.003232430143645604e-02
-3.645739678235084824e-01
-1.459069653271098388e-01
-1.164304030291372360e-01
-1.694396592947765345e+00
-1.271247292115221528e-01
-1.621345273743236837e-01
-2.876724498312308587e+00
-8.968731358050149871e-02
-1.191269218552445108e-01
-1.071206463790375651e-01
-1.828234973698701915e-01
-1.204204291062367371e-01
-2.274786139003299457e-01
-3.592374915909991029e-01
-8.125125612730001168e-02
-1.242535661325766816e-01
-8.769556378454093082e-01
-2.689354195249848423e-01
-1.359571172273741912e-01
-8.997350801465806014e-02
-2.298421617383989979e-01
-1.173364419417729954e+00
-1.020277054045481968e-01
3.616651034315109037e+00
-1.308361496875970753e-01
-8.704435838882615406e-02
-2.472055923462627980e-01
-4.376998202023146267e-01
-1.782104756963349690e-01
-6.190186065816097871e-01
-1.056221643559174944e-01
-1.438696275428080207e-01
-1.123460417723012583e-01
-9.406565909102983236e-02
-3.951430296534398368e-01
-1.762485735762282957e+00
-7.715910092688044175e-02
-4.979453433303844823e-01
-1.217636728918652933e-01
-9.692653686255953138e-02
-1.322965185265319699e+00
-9.063689840138426934e-01
-1.973957854612012064e-01
-9.645024048245500747e-01
-9.319851912739364475e-02
-3.938279570943717389e-01
-6.606026351793302664e-01
-2.125330939642920691e-01
-1.241502972687556633e-01
-1.341327041977132262e-01
-9.747408337297870651e-02
-2.624200927748052137e-01
-2.675732395132198738e-01
-3.519714884317842740e-01
-1.341626440556479005e-01
-1.246516080106649105e-01
-2.803514355711734796e-01
-4.149144252857730475e-01
-2.165344039957250999e-01
-1.691508678818554323e-01
-9.804013853172466320e-02
-8.748300206244202792e-02
-1.603123667883730175e-01
-1.250565123902780962e-01
-6.181567802821652524e-01
-1.071926484666492624e-01
-2.843407231028596827e-01
-3.833337640648288858e-01
-5.927501546632311102e-01
-1.300690700979173220e-01
-1.414358102390134153e-01
-3.486129593085554035e-01
-1.081232609662266669e-01
-1.473579920752269290e-01
-1.843917883357376608e-01
-1.772824984994262110e+00
-4.421548654304071846e+00
7.501191696074893667e-01
-3.829685615851750047e-01
-6.789439372413698381e-02
-8.395916721785880166e-02
-2.106175282676493676e+00
-2.256647502123253712e+00
-1.718038269225096171e-01
1.745717030250439228e+00
6.210148376301114492e-01
-8.965160018883704118e-02
-1.341278583343847031e-01
-9.076192831965977648e-02
-6.560456043257310021e-01
-1.337486011774383643e-01
-9.691546196229319787e-02
-3.274439988237725641e-01
-3.487465819914669307e+00
-9.124224761043570053e-02
-1.155015107875932978e-01
-7.664786932103397898e-01
-1.707077259704249117e-01
2.846850195176034770e+00
-1.605510947862779925e-01
-2.677090886601234843e+00
-7.654839604839605904e+00
-9.542955502455752193e-01
-8.720782444456923188e-02
-4.728278598355323936e+00
-8.372721849185454923e-02
-3.222157187856940497e-01
-2.549232187554259510e-01
-3.278517316017316219e+00
-2.004341129084431239e-01
-2.066338551065886320e-01
-4.993419489007725254e+00
-2.910941663401954482e+00
-3.715377296867067525e+00
-3.043591735651416386e-01
-1.598634100136607505e-01
-2.373510637403868639e-01
-2.413557425672468726e-01
-5.020128073425934589e-01
-1.411953941628996956e-01
-1.693517251849529504e-01
-1.531529051778248440e-01
-1.764780907774204710e+00
-3.850805807276439507e-01
6.750797399470360727e-01
-5.096783234657409345e-01
-7.397696265410553806e-01
-3.277374473212477102e-01
1.006123172455534398e+00
-4.276144747000066859e-01
-2.987533727289191532e+00
-9.935378872859880472e-02
-1.054134088338091746e-01
-1.515309291761499366e-01
-1.394065101726651157e-01
-4.008004495980645565e+00
8.569732769986936338e-01
-1.302314821171472181e-01
-1.142557163069525927e+00
-1.262958815400644363e-01
-4.722678862607191941e-01
-4.886089600384930343e+00
-1.078846295166166480e-01
-1.692960951406838055e-01
-1.137619363780430909e-01
-3.416427815446486660e-01
-1.491745500894875454e+00
-2.272440444020616956e-01
-8.762598881932170958e-02
-9.393159195210057377e-02
-9.402063916935389509e-02
-1.408049100599648162e-01
-1.003934142042730709e-01
-1.091232698431683357e+00
-3.500465221053457032e+00
-1.923791242577152394e+00
-8.951941133428303887e-01
-5.362774463733543939e+00
-2.165569908101847574e-01
-1.156972187873430147e-01
-1.894195543746152177e+00
-3.439604060633217886e-01
-1.508562313865733584e+00
-1.651689474802691127e-01
-1.009929084039609820e-01
-1.012268576903877504e-01
-2.154425205845087177e-01
-1.452764567870454826e+00
-4.882932076801463239e+00
-8.766969388864216672e-02
-1.003917615823826243e-01
-4.487593370681606686e+00
-2.299002962456570542e-01
2.937438219301652165e+00
-2.217282607134796468e-01
-1.066630223708460584e-01
4.465370606340338000e+00
-1.632192300942169605e-01
-2.410051058072716357e-01
-1.380313892296367306e-01
-6.490801937477127304e+00
-1.622989575405849039e-01
-1.444303226815153995e-01
-8.900345065701414926e-02
-1.234487516605520391e-01
-1.157588164926010438e-01
-2.803262099449220113e+00
-1.524591069368755603e-01
-9.097409743481972566e-02
-3.463988222696516850e-01
-9.323535497148660589e-02
-1.160200234074911241e-01
-3.466078591293476063e-01
-2.586492196811171485e-01
-1.274938931765824124e-01
-1.122389287991244627e-01
-1.824079051358873382e-01
-3.971623614014919035e+00
-1.055179470518163298e-01
-1.181092587442215569e+00
-1.413950036789283216e+00
-1.531037407267680228e-01
-8.635362901271644021e-02
-1.447865964864389232e+00
-2.826413963443605848e-01
-1.054529241221720121e-01
-1.580683843251738385e-01
-1.815791768940238748e+00
-4.116046708366485340e+00
-1.136294507733559556e-01
-5.323461732332085417e-01
-8.702731611730013528e-02
-4.785149796233254982e+00
-8.461009249298691304e-02
-1.487199864619561385e-01
-1.312407335370513461e-01
-1.563118448722836673e-01
-2.340926608637777240e-01
-3.558392053142108158e-01
-1.060949771445290069e-01
-1.957254547933097721e-01
-1.289193598592048573e-01
-1.033919739111925695e+00
-1.810817307157026324e-01
-1.331607560986342031e-01
-2.747844036986580307e-01
-2.662323352968010148e-01
-1.256281104367963808e+00
-2.492213354714215345e+00
-1.490438481446228758e-01
-1.310747841641494715e-01
-1.091487553243640218e-01
-2.792682049548869672e-01
-1.601225998284529384e+00
-1.373511174469592422e-01
-9.714938638216587263e-02
-1.380096654522234290e-01
-1.534437752769049368e+00
-3.200715545668160744e-01
4.627778026465938055e+00
-2.924215310468507578e+00
2.762479473305312627e+00
-1.216435786435786426e+01
-2.826817769404719627e+00
-2.469248870771384718e-01
-2.474279446791745052e+00
-5.935801346056763350e+00
-1.095704066901293627e+00
-4.121592012500896907e+00
-1.156897465345393256e-01
7.002400882098158696e-01
-9.538987428956317849e-02
-1.476350804015069962e-01
-1.070085978503398511e-01
-1.371482314787103862e-01
-8.409519667126136300e-02
-1.206792034472857322e+00
-2.689816528513754523e+00
-1.254673069469796509e+00
-3.603502461590696537e+00
-3.894071915839093512e-01
-1.082101467011864354e-01
-1.186859392318976719e-01
-1.331230029517149471e-01
-1.215372418655009668e-01
-1.940749303698677819e-01
-1.166414636932634613e-01
-6.650155349263520144e-01
-1.464535938795029413e+00
-1.313216526547402452e-01
-9.715769689306247292e-02
-1.038389946436306804e-01
-7.372161172161171727e+00
-3.815279149993476837e-01
-1.407404300166357203e-01
-8.551803401765177559e-02
-7.060765553049066501e-01
-1.059081634532454547e-01
-2.928444637027027286e-01
-2.145537975432981526e+00
-1.364565884720987665e-01
-9.402355101854331654e-02
-1.093682180704731305e-01
-2.952440989481242006e-01
2.291268256028144990e+00
-1.933549394962432277e+00
-1.121173778928173936e+00
3.821063131997666673e+00
-1.969358826902217474e-01
-2.576812062427607519e-01
-8.988096061661390856e-02
-1.931020060456875020e+00
-9.646599302908621942e-02
-4.694054353093688459e-01
-1.475281536953389205e-01
-4.588138943781021051e-01
-3.013695935177592156e-01
-1.618133248514931899e-01
-1.502876938671564022e-01
-1.190793917467578983e-01
-1.538471849201124009e-01
-9.349234111174836714e-01
-9.215649640689216326e-02
-3.058016760929924693e-01
-1.245930480007023528e-01
-1.092532051922899677e-01
-9.858498854087088148e+00
-1.676105216106874574e-01
-1.603091216536663421e-01
-9.385518629470676610e-02
-8.140190569197534864e-02
-2.027709023819508904e-01
-5.750467299456616388e-01
-7.599488485974031926e-02
-5.282872379187494971e+00
1.412374978701793182e+00
-7.388886754586975192e-01
-1.349081024130523443e-01
1.369408126568646411e+00
-1.479925963729046279e-01
-1.337917012853057641e-01
-1.694429989862096808e-01
-2.267575311972642726e-01
-2.393257745341580978e-01
-9.207515462621579383e-02
-1.297037483435392602e+00
-3.597610657358248365e-01
-2.108491323409650842e-01
7.450167769776621096e-01
-8.173017635360196875e-02
-1.123397185700722861e-01
-5.736904761904761507e+00
-1.343086054941979024e-01
-3.807267656604906292e-01
-3.844767819171512335e-01
-4.826319921908156729e+00
-2.307064728110762575e-01
-1.832701144747844957e+00
-1.606331901809672502e-01
-1.142474297585712950e+00
-1.147740089233738464e-01
-8.767570639527134946e-02
-8.809816364003987543e-02
-5.293894793984471603e-01
-1.479143823207637598e-01
-1.108981792285074208e-01
-1.998902169906675574e-01
-1.567952317165794973e-01
-5.111285098261374449e-01
-4.091944718080945953e-01
-9.626231329911787149e-02
-1.782662790898262295e-01
-1.694391378369506651e-01
3.259045031094525591e+00
-1.402506878340743501e-01
-8.032941756697689617e-02
-1.176375401427723455e+00
-1.520002487618298037e+00
-1.293092853241148421e-01
-4.535679999941741869e-01
-1.407330484023664452e-01
-3.828442176047478496e-01
-9.399057985258571501e-02
-1.123836572771821363e-01
-1.374972428084531850e-01
-1.115553003150778488e-01
-3.710169028446685946e+00
-7.024787858742146396e-01
-9.447015322868153320e-02
-1.265093938005193430e-01
-2.278561824013769499e+00
-4.906531269706520537e-01
-2.687918280795249970e+00
-8.880562032297811825e-02
-7.670610198830761783e-01
-2.570599880855298558e+00
-1.243943647589281498e-01
-3.830001221342790863e-01
-1.372144474099517009e+00
-8.795059114489127416e-02
-9.942846345602758540e-02
-1.191249777146704686e-01
-1.145054536525300509e-01
-3.279980924939042697e-01
-2.734983119769430537e+00
-1.441557686800926996e+00
8.599483980050092180e-01
-1.146824103342952428e-01
-2.950121173426595966e+00
-1.725878704462550928e-01
-1.495989467348929347e-01
-7.970796195369260484e-02
-2.182980231452114894e-01
-1.334558531527879399e+00
-3.068370301805677380e-01
-3.583488112869050557e+00
-1.713692190703105522e+00
-1.094705242497155950e-01
-3.868767389575590521e+00
-2.905534535470156721e-01
3.632702966967673142e+00
-2.577315545363546012e-01
-3.787303446510844607e-01
-1.051801186088255624e-01
-2.416399936629540501e-01
-1.282429648757265339e-01
-6.991434922042276678e-01
7.752601622218255883e-01
-1.254295383722941748e-01
-6.507197045630511711e-01
-7.607471272570860699e-02
-4.046260939987539329e-01
-9.650846597014021977e-02
-3.083073840007425126e+00
-1.441374632783354870e-01
-8.360739432555837070e-01
-6.480355949365463886e-01
-2.175387716582022901e-01
-4.247672685493507072e-01
-1.513637792709443541e+00
-2.217459815955007962e-01
-1.418545839991681712e-01
-5.929549979472532595e-01
-1.549815159552171140e-01
-7.926803373764915173e-02
-1.152501016066590639e-01
-9.441641947589321515e-02
-2.761204954749336693e-01
7.117813731025290913e-01
-3.111657967504465883e-01
-2.702971042794424239e-01
-1.190182207803287956e-01
-3.229826939710504607e+00
-4.340519888024461648e-01
-2.247401421086034634e-01
-8.818755811042995607e-02
-2.403660406973298913e-01
-3.765389597277795652e-01
-8.371792224182029729e-01
1.051334619954808591e+00
-1.255219778983092394e-01
-1.661073708481421440e-01
-6.371591890170558159e-01
-2.098398997096620477e-01
-6.686669500921820219e-01
1.792431830862426745e+00
-8.321735504936784988e-02
4.961118149443988656e+00
-1.329508617348935107e-01
-1.872075325157941117e-01
-2.929007625825369665e+00
-1.139065289599602571e-01
-1.718770141581960731e+00
-3.162586358654132290e+00
-4.742526206728866489e-01
-1.375310597204843499e-01
-8.519875592403430842e-02
6.143812909830460578e-01
-2.614748044663319226e-01
-1.040060847427947271e-01
-1.335455069630182567e-01
-1.580674642886575609e-01
-2.224030315342351849e-01
-7.686380417284772726e-01
-5.657779736725960795e-01
-3.591839533016004005e+00
-8.281881462370009883e-01
-1.340117243951807202e-01
-9.729003444871769934e-01
-1.378507178298607749e-01
-5.417334391592074638e-01
-1.359885795763897398e-01
-1.140905791192505514e-01
-1.222229245825487420e-01
-3.175395675519888883e+00
-2.457152513918350323e+00
-1.236378795312553652e-01
-1.059802922524690078e-01
-1.747223743351842551e-01
-1.487913501550090167e+00
-1.812994860634735972e-01
-9.468051550014010276e-02
-4.702640674900057660e-01
-5.563485071986770336e+00
-9.578128390217249821e-02
-6.427462418113395470e-01
-4.909112017200250477e+00
-4.492056608495548220e-01
-1.427755562672817780e-01
-1.211410484527516845e-01
-3.144556305620003211e+00
-9.788286256250887385e-02
-2.700035194183630916e-01
1.894233884121564904e+00
3.062200915389581279e+00
-2.832394828532159847e-01
-7.386649672934013644e-01
-9.086574427948899968e-02
-1.178462202973533796e-01
-9.295204488071322213e-02
-7.984409480965401484e-02
-1.452007315183869163e-01
-1.170126448747535880e-01
-9.678862263909955577e-02
-1.174811102589809891e-01
-9.712670412189514102e-02
-2.561385064776486864e-01
-2.998637890786475801e-01
-4.498684192230488765e-01
-1.131961031698511810e-01
-9.023514863511431505e-01
-1.590989003272161306e-01
-2.962087741568492305e+00
-1.103419663228142111e+00
-3.513260660806425406e-01
-6.153788260627620632e-01
-2.016356156912812114e+00
-1.245489340648577026e-01
-1.104179703685543995e-01
-2.451245298188221844e-01
-3.419868731957553809e-01
-1.391676663423306592e-01
-1.361519712242272584e-01
-2.010469375923650048e+00
-5.538226895752306200e-01
-1.312025861580990993e-01
-5.644278288138538935e-01
-8.741936352382653763e-02
4.467754284410294652e+00
-3.715983353908202669e-01
-1.199464397294302404e-01
-3.916465447546604306e-01
8.057261772872612582e-01
-1.064123178529156610e-01
-1.984623560360149475e-01
-2.503920259105676394e-01
-3.087504742070833696e+00
-1.994821733656587104e-01
-1.003349058009105482e-01
-1.575245472604008823e-01
1.915900174335224193e+00
-1.415042698640212038e-01
-1.377522211692237541e-01
-8.892383446607332598e-02
-1.178772103990894937e-01
-1.374899319286166099e-01
-1.709742561160462193e-01
-1.273322266339843578e+00
-1.311915878139726099e-01
-1.154308953173768248e-01
-1.615345360385217477e-01
-9.381187374927879574e-02
-2.001527483328408297e-01
-1.470697168176476333e-01
-4.999543648485499370e-01
-1.287907622898527282e-01
-9.726063398521188341e-02
-1.059477511790753168e-01
-1.258681877737171106e-01
-2.416465973401267675e+00
-1.381425008409711719e+00
-3.101012900003398132e-01
2.807429817792921778e+00
-4.702397546017563768e-01
-3.428360919842884380e-01
-8.789249596779229179e-02
-2.132661068120807468e-01
-8.114873634579654327e-02
-4.581388554899496479e-01
-1.283091274151615113e-01
-3.200540799416504711e-01
-1.382007787738797344e-01
-1.275779345690752631e-01
1.029066815591236361e+00
-2.311116628295629138e-01
-3.056687144554792290e+00
-6.815461365194694365e-02
-2.072311951627539006e-01
6.474139476625185852e-01
-1.831694882298319504e-01
-1.835638962261152418e-01
-1.111291152095053997e-01
-1.274898638504463055e-01
-3.075446061213277238e-01
-2.343629564950306388e-01
-9.266427799005247379e-02
-1.410211216091819264e-01
-1.556355100255853441e-01
-2.398714359302217547e-01
-7.378975162692909262e-02
-1.164657101835679803e-01
-3.600366012156760998e-01
-1.322277748055054325e-01
-1.459816534637848884e-01
-2.468217794483485439e-01
-1.993290300901597312e-01
-1.187511671387808665e-01
-1.060277364462653971e-01
-1.025880837951334140e-01
-1.128579518548280675e-01
1.618491230821761384e+00
-4.367078518961240441e-01
-1.418315469513871774e+00
-1.024854483115503895e-01
-8.426993655904670977e-01
-1.549180989505851147e-01
-2.454752919835052172e+00
-2.641584253959561313e-01
-1.952634172549089497e-01
-9.965066295072032565e-01
-9.765103619131379475e-02
-1.015450169304138589e-01
-1.185263342579762902e-01
-2.544383416092995120e-01
-9.299622039873621515e-02
-1.515283301655313275e-01
-2.638632488515770258e-01
-9.686495370811368799e-01
-1.303775608281546039e-01
-2.033024821519730241e-01
-1.149807788428170857e-01
-1.127659835472029637e-01
-8.412703776599128602e-02
-9.048487904918887936e-02
-1.180083980636942448e-01
-3.274751556468895042e-01
-6.220124788796151938e-01
-3.413465007215007230e+00
-4.136816254768199919e+00
-1.867637099828653724e-01
-8.522770054450590216e-02
-1.941212198730681848e+00
-1.254277517973574563e+00
-6.811473367813605240e-01
-1.591438294533545628e-01
-1.747405939957150656e-01
-1.511857965332809028e-01
-1.046688472173409323e-01
-1.086770649545388684e-01
-2.688618137696307531e-01
1.128739237914619942e+00
-1.339828708280133840e-01
-9.020549756190046620e-02
-1.627931459689457294e-01
-9.175416354942529662e-02
-3.611391308068325201e-01
1.095672163224947537e+00
-1.946675316453475302e-01
-8.499140591750221907e-02
-1.202130007568457115e-01
-1.437659890642956628e-01
-3.245601545512885044e-01
-3.807951945548684880e-01
-1.774897863574334211e+00
-1.968048443736530040e-01
-9.716508235949988803e-02
-1.336671043776134216e-01
-3.663487512565296589e-01
-3.756721019585626542e-01
-6.971892004443368540e-01
-1.472809927931806318e-01
-9.954277336004596632e-02
-4.709867740081102205e+00
-8.632539682539682957e+00
-2.046188075178871912e-01
-4.006488159133474447e-01
-1.205115245634010401e+00
-9.449701756488480819e-02
-1.652522831933556369e-01
-1.219946231418184285e-01
-1.258123973200193924e-01
-3.610548484474176423e-01
-1.162412316892804387e-01
-5.554223934620983183e-01
-8.736762616815488269e-02
-9.331950403614194811e-02
-1.126840221840615663e-01
-1.027078670930433313e-01
-8.720869588173783826e-02
-5.284613180772057550e-01
-4.858160771208372974e-01
-2.173232536463636511e-01
-1.272847270683730159e-01
4.058745069224609203e+00
-3.543683882998259205e-01
-1.505338591025373873e-01
-1.043515554871693590e-01
-9.288801962830756098e-02
3.822499288197251488e+00
-3.807895481711271568e+00
-2.893735851410245696e-01
-1.712740058478783023e-01
-5.749139960123188509e-01
-2.056938141491170824e-01
-3.719728513588265728e-01
-1.036471121082001567e-01
-1.451663305777112223e-01
-1.085845851695713959e-01
-1.119703956274673007e-01
-2.444070834595676867e-01
1.896040735141123923e+00
-9.192901522483318266e-02
-4.973176537020156940e-01
-1.929909108203176293e+00
-1.259002859477948766e+00
-2.638834035831158498e-01
-1.075821555783624262e-01
-1.264453918373080743e-01
-3.169213770371989702e-01
-1.402172522066192917e+00
-8.629220543910456898e-02
-1.068083350358447758e-01
-1.069673096550197294e-01
2.096538173413708961e+00
-1.185248457887688317e-01
-8.599114341398250705e-02
-1.167402489281089417e-01
-1.103509502684045934e-01
-4.215576050137784248e-01
-8.267880732126683951e-02
-1.028959677692160707e-01
-3.799865357481194694e-01
-1.372589024065799523e-01
-1.389687268555245714e+00
-2.631656535235752159e+00
6.429778283431021313e-01
-2.923078623118539054e-01
-1.880389118590333475e-01
-7.181869996950406010e-02
-9.471555181860466521e-02
-1.938266351102986840e-01
-1.082153837501838856e-01
-1.061697955902280444e-01
-7.701727098010989758e-01
-3.053846723024289944e-01
-1.008783390326178087e-01
-2.860122579692034317e-01
5.614142457642781636e+00
-2.926493424212301964e-01
7.267824816497778784e-01
-2.280500926241420256e-01
-2.678492368070906626e-01
-9.522036507952055806e-02
-9.341031317162031000e-02
-4.658286137576184149e-01
-2.104779078850286478e+00
-8.700871670382109846e-02
-1.626292037824589309e-01
-1.229216772024606552e+00
-6.243401918848486831e-01
-7.278960852154853223e-02
-2.844164065745986569e-01
-1.498510168242607188e-01
-1.165344178886811022e-01
-8.346406383190262124e-02
-1.420820918144206080e-01
7.057489352126745663e-01
-2.210345615638270367e+00
-1.144544541860694764e-01
-5.172346266451568475e+00
-1.855898042756816690e-01
-1.040963235777966900e-01
-1.456190103151127901e-01
-8.270285889012735092e-02
-8.999318337327669171e-02
-2.223299725878725708e-01
1.184060543920058217e+00
6.947426929564322062e-01
-1.035621912577544823e-01
-1.506517664250593413e-01
-3.763700721666420890e-01
-6.716169400554962365e+00
-1.411426031705424744e-01
-1.589984622724179841e-01
-6.715829049438889697e+00
-1.083878242762525701e-01
-9.069073788119502710e-02
-7.914086234383428675e-02
7.690725511000038317e-01
-1.061488013293589994e-01
-3.605141851009919796e-01
-1.799330401637088128e+00
-1.419021130523680507e-01
-3.923065342100327535e-01
-1.588075193971545118e-01
-1.374261905926032756e-01
-1.468375762691636888e-01
-2.370122739626812358e-01
-2.022670049169930651e-01
-1.955755816870109465e-01
-1.298831075299629045e-01
-3.021823568499902635e+00
-9.184294558547042575e-01
-4.382871168990877253e-01
5.611893828677716023e+00
-1.027328098669565204e+00
-1.512537410914538971e-01
3.329490416862538993e+00
-1.267256650140224372e-01
7.149719980752353710e-01
-7.569914519161137223e-01
-2.614152089622044373e-01
-4.902306995313086557e-01
-1.669684417810799737e-01
-2.156772846209025207e-01
-1.151259148821554001e-01
-1.094842425499776284e-01
-3.250532693441884557e+00
-1.008425316006667932e-01
-1.884581427033354406e-01
-8.923705255147580673e-02
-3.253134100476782198e-01
-5.746968653667190452e-01
-9.385425975303159085e-02
-1.858227230055121137e-01
-5.073145318733553566e+00
-1.006894113880863584e+00
-1.109605196484992895e+00
-1.083390676634900934e-01
-1.923204436247304139e-01
-2.348433128166830475e+00
-2.402783656336478502e-01
-1.181073485910341808e-01
-2.175270667275910064e-01
-3.006649567344644725e-01
-1.311317292915193944e-01
-7.445904253304737319e-02
-1.617113233898199443e-01
-1.090127745276795318e-01
-1.079003692273851067e-01
-2.452445312780501929e+00
-1.381378307117702375e+00
-1.082773488726596067e-01
-1.218178123606830920e-01
1.116644403176952460e+00
-1.769901679499442937e-01
-9.357142939189433406e-02
5.895626484286010660e-01
-1.594799032864835653e-01
-3.015289441987517360e+00
-1.004244339655551155e-01
-1.056542825951839459e-01
-3.452734721339404400e-01
-7.087813081859993813e-01
-9.785163109536466897e-02
-2.811544991456878528e-01
-8.372380402047114867e-01
-1.516099121992812715e-01
-1.008654097208276784e-01
1.582107585660142313e+00
-2.044597007963544488e+00
-4.435395098951108728e-01
-8.906026369999060777e-02
-1.349839535695074089e+00
-1.095113434277112802e-01
-8.450915280417581332e-02
-5.852397709369649981e-01
-1.938830038979119097e-01
-1.337959643233529672e+00
-3.002584681384752319e-01
-1.121657577771213443e-01
-2.901592104471951150e-01
-1.735632431476564763e-01
-3.760048007833553529e-01
-9.313685412477773484e-02
-3.918594004726930091e+00
-1.072653463582579764e-01
-1.570148476142785021e-01
-1.044785739597428459e-01
-1.305681499377095156e-01
-3.407833292941540582e-01
-7.522465794488841784e-01
-1.544530132530902433e+00
-1.271841587984751942e-01
5.499710753866764890e+00
8.362373737373737015e+00
-3.923298366169210016e+00
-1.743647110000990097e-01
-3.160961585445278277e-01
-5.017435613685478080e-01
-1.389668603096867738e-01
-8.254216519197662416e-01
-1.649704469357438363e-01
-9.857264541847135519e-02
4.336899693343040596e+00
-9.760999314568148677e-02
2.842210209890711603e+00
-9.589612346897320727e-02
-3.511448307734218233e+00
-1.938049092774321303e-01
-1.245005069771681072e-01
1.979172947764998636e+00
-1.067303621649734885e-01
-3.624185790755099501e-01
-1.053822567493021972e-01
-2.015385605349351017e-01
-9.815718928324236314e-01
-3.910226401975902544e-01
-2.204824685869624101e-01
-9.799179064757007618e-02
-2.735557316319410792e-01
-3.492455418787001609e-01
-1.110753466586509863e-01
-3.400658830263836307e-01
-3.125579212101864957e-01
-3.503308949949578421e-01
-1.170206101371411567e-01
-2.639513016128801626e-01
-2.467539911523295437e-01
-2.294242375585882898e-01
-1.000720955364692993e-01
-1.033855958779153206e-01
-7.099956173206104504e-01
-4.433023264932577923e-01
-7.634635628311049749e-02
-2.678453096312794823e+00
-7.864216188092841842e-01
-3.391481678807301003e-01
-1.014228546139259307e-01
-2.322311465312132950e-01
-2.199963148889120534e-01
-3.599306333083324150e-01
-2.671084430369220497e-01
-4.977550755181857634e-01
-1.437584078096673101e-01
-1.160323158486932654e-01
-1.150810886700160296e+00
-5.309103439135104407e-01
-1.003284372077952319e-01
-1.128945311410289309e-01
-1.441839777947163392e-01
-2.697313041572224623e-01
-2.738422649723721292e-01
-8.219036969047210928e-02
-1.328605599664035852e-01
-2.951678158574964517e+00
-5.555520451769615509e-01
-1.260126411280855785e-01
-1.201397419421287582e-01
-8.798562003142069987e-02
-4.471080906426010970e-01
-1.090934471354077923e-01
-1.946360150930098454e-01
-3.285502014020410533e-01
-1.162700388319431566e+00
-1.183842308372643898e-01
1.246589806038625348e+00
4.742556638491175036e+00
-1.289791123434537168e-01
-8.265865037522926451e-02
-2.371039730071951845e-01
-9.833707625787717344e-02
-1.156770259329743394e-01
-9.419353798103247133e-02
-2.589074352411649960e-01
-9.286912693030749399e-02
-5.258878727344233894e-01
-9.056567524143270542e-02
-9.697662563628535459e-02
-1.342207692811156761e-01
-1.871544087608021378e-01
-1.386873784935066523e-01
-4.941563379431027414e+00
-9.453249373908595432e-02
-7.051414021814088606e-01
-1.395384016620744572e-01
-7.469057906175895489e-01
-1.306224277281071433e-01
-2.242550471801460166e+00
-1.146692651830599069e-01
-3.702854161615656281e-01
-1.244182926128549471e-01
-8.409000317891742737e-01
-1.211038612687414862e+00
-2.127095943651401422e-01
-5.866708865846796073e+00
-1.043732212576083951e-01
-1.562012477654815268e-01
-1.296111171578900323e-01
-7.202792221654452653e-02
-3.351535441450835151e+00
-2.012180367256139468e-01
-1.235010362399894535e-01
-8.696610763448341108e-02
-3.136051209380941618e+00
-2.116350647756787273e-01
-1.170013253078277249e-01
-3.705847679057571731e-01
-9.131539095613654122e-02
-1.101526610407675966e-01
-7.044059556514123965e-01
-2.403539952112470957e+00
-1.363469830489192902e-01
-1.163565213692278333e-01
-3.123549040089550477e-01
2.923360229748485306e+00
-4.885346468638503969e-01
-7.752271944849056240e-01
-1.457916965926327746e-01
-5.676165501165500338e+00
-4.663842236231186544e-01
-1.345270812257621518e-01
-1.054807824792110826e-01
-4.247931743534861249e-01
-4.831187953881758146e-01
-1.959393248273934851e-01
-8.276873934472620542e-01
-1.502186270793068601e-01
-5.652641213083623439e-01
-1.711261149897887190e-01
-7.949304379195682557e+00
-7.562200785111001800e+00
-4.505164102547665195e+00
-4.395191263454333308e-01
-8.330893634969165074e-02
-1.221063559637348472e+00
-1.781183622245905984e-01
-4.868859366712078862e-01
-1.663327302669574959e-01
-2.467790281249361062e+00
-3.581641958348460442e+00
-9.791168440514011473e-02
-1.038196546402770370e-01
-3.096745325960620354e-01
-9.956830884295561623e-02
-2.712129774806845695e-01
-7.713075893040874376e-02
-1.339187674808580253e+00
-1.273555592669926573e-01
-1.050842689976701494e-01
-3.381035120571542207e-01
-7.477931147325724004e-02
-1.712167563008461790e-01
-2.032221335298500520e-01
-1.026141054056920049e-01
-1.366677335553343198e-01
-9.829841040724589252e-02
-1.285621339363215709e-01
9.541528267728086599e-01
-8.872873416174542616e-02
-8.500269080668804156e-02
-1.692003603604077810e-01
-1.213344880373782991e-01
-3.134525775446491469e+00
-4.186600888785021457e-01
-1.170832235210435973e-01
2.078379348799547888e+00
-2.790918582722362040e-01
-4.322551899041160994e-01
-7.320757365372576597e-02
-4.439329930885742570e-01
6.952307009423642770e-01
-3.761737761600134622e-01
-3.968563847033272363e-01
-1.673212541078673565e+00
-2.467786405656363424e+00
-1.634772308074327607e-01
-5.522375176238513150e-01
-1.048423826815762655e-01
-3.839075133178317945e-01
-1.174415101308650539e-01
-8.992330680193842685e-02
-4.012449449514765565e-01
-6.755449299594447066e-01
-3.395973467007247670e+00
-1.070057877405662661e-01
-3.615329435394121216e-01
-5.331643930781861940e+00
-1.572319450102595273e-01
-8.033015832649909038e-02
-1.551762368634813205e+00
-1.632442469234583360e+00
-3.052874602285825523e-01
-9.886285245668027799e-02
-9.048045843817167921e-02
-1.480698804036610639e-01
-1.125734213832519509e-01
-2.044165880440231009e-01
-2.091560591733322205e+00
-2.314099129864350401e-01
-1.681465332240810462e-01
-1.371667202717251899e-01
-4.122898163809448069e-01
-1.915108925816541019e+00
-2.618196573144685457e-01
2.589601207983076137e+00
-8.292757957155738602e-01
-2.169097283422762312e-01
-3.627368316576138341e-01
-1.102688193994802862e-01
-4.196125273983192794e-01
-4.381427038716121380e-01
-4.065378386262804566e-01
-1.526230931274532021e-01
-1.326755832339105434e-01
-5.998034176481689128e-01
-1.310287485529005591e-01
-1.289104463421366087e-01
-4.411140754062455871e-01
-4.298560325032300122e-01
-4.575984549538520962e-01
-7.897137817987451847e-01
-2.641520449418551131e+00
-1.475453150936732183e-01
-1.093923672779426315e-01
-6.270970695970696340e+00
-1.555407406964255945e-01
-2.388638292040412114e+00
-1.678504719515744315e-01
-1.555539517582931741e-01
-1.188121378015052909e-01
-1.012378550885876249e+00
-2.942493976763282393e-01
-2.342798478631987480e-01
-2.306867275940749085e-01
-1.181376767899369323e-01
-1.611129032052190657e-01
-1.151600448673407717e-01
-3.538397588916057379e-01
-2.197356485849727981e-01
-5.298442302521170211e-01
-1.109696740544745125e-01
-1.712297833506625233e-01
-9.036901072821156011e-02
-1.504718935709963956e+00
-8.325880143092651009e-02
-3.149158472483470361e-01
-1.851596897501833205e-01
-7.530919657270672418e-02
-4.292920227898242125e+00
-2.932019598738660471e-01
-1.742860840369062359e-01
-9.612999263918001747e-01
-1.468343178623691125e-01
-1.159134023021997362e-01
-1.432845595775629477e-01
-1.215635889384709678e-01
-1.227258213851968455e-01
-4.257505453989558486e-01
-9.339453838540552610e-02
-1.160896173385463082e-01
-1.179673649128008955e-01
-1.181470208368525926e-01
-9.799013312013467314e-02
-5.561557264588141258e+00
-4.782705203293438956e+00
-1.208408983056517005e-01
-8.871983892255030923e-02
-2.112616497646397029e+00
-8.550949359056389532e-02
-4.520063921282944097e-01
1.405247533271466231e+00
-3.653777655093445098e+00
-2.072719188101403986e-01
-7.860943313902618579e-02
-8.005721724244454496e-01
-1.542330507608087597e-01
-9.351860065135203515e-02
2.495761006474280119e+00
-1.615789722171745435e-01
-9.198153031923886336e-02
-1.283712563657721240e-01
-6.735711792434170286e-01
-8.799937499140192410e-02
-1.318807617453175707e-01
-1.305363247000213556e-01
-1.024084235427116657e-01
-9.741828610018879453e-02
-2.662376570753819949e-01
-7.621123099463260331e-02
-2.301051218497653927e-01
-1.129567395721657597e-01
-1.136596181036301223e+00
-6.862054928900224171e-02
-2.996788669631919255e+00
-8.559265542847463437e-02
-6.832003807939368567e-02
-1.495146377783698743e-01
-1.569833803488347168e-01
-9.289378719287419428e-02
-4.984478430066665133e+00
-9.810737308868680562e-02
-1.279612769023005248e-01
-3.533032098645940700e-01
-2.928085877387303637e-01
-1.794085339986072336e-01
-1.916610912963050972e-01
-2.277649229530167130e+00
-7.718663957768281958e-02
2.427785935746293866e+00
-2.741621661214580508e-01
-8.674416196279527425e-02
-5.091576445200423073e-01
-1.427079991016487304e+00
-1.309853407985051843e-01
-6.700454985734405344e-01
-4.564392891078178360e-01
6.392060296757575699e-01
-1.383925892901297916e-01
-1.415050976563810847e-01
-8.341780160607256689e-02
-1.612483272467726270e-01
-9.557859946247874161e-01
-1.536247985368582425e+00
-1.940649355378374630e-01
-4.268343316062739312e-01
-1.126452115193172232e-01
-3.100734749468715412e-01
-1.030792875383310381e-01
-1.173153497709245180e-01
-9.792404064590702617e-02
-1.368493680292140469e-01
-2.671141501866793333e-01
-1.121885697913439645e-01
-1.123949279618985247e-01
-2.761472918348352179e-01
-7.039152439631979341e+00
-4.105452093345820508e+00
-3.037024598862497538e+00
-1.397678331949871455e-01
-1.255868376581563695e-01
-2.073297528238343124e-01
-1.341520378593317464e-01
-7.367044032982890123e-01
-9.144962139415666047e-02
-6.712673437673437604e+00
-2.876648909861436731e-01
-8.755659317738952174e-02
9.766074611662846294e+00
-1.103093903626542333e-01
-1.035218709225679129e-01
-1.089448875327067301e-01
-9.266399861437157881e-02
-1.038319910902771870e-01
-8.283502505406527661e+00
9.169552385238814995e-01
-4.083139633688566694e-01
-2.405888161257974556e+00
-3.272969275781235643e-01
-1.126624444368106437e-01
-1.687940329071601908e-01
-1.826804901980524087e-01
-1.519667763681025185e-01
-6.831407929431642101e-01
-1.412286978427239881e-01
-1.919750611713269883e+00
-3.764222133747107124e-01
-2.444913810563597301e-01
-3.367183187379067522e-01
-1.187760095440381969e+00
-2.040096799766190905e-01
-2.501650614808297313e-01
-3.200419328880719783e-01
-1.694706908300359416e+00
-1.043327088700921473e-01
-1.666669987598453917e-01
-1.486857941722303122e+00
-1.738715448590597290e-01
3.272467279921353445e+00
-1.651996929637771505e-01
-1.173468466329871257e-01
2.699168490142470400e+00
9.524137938783325819e-01
-1.304742076348797686e-01
-1.051620838624370557e-01
-8.324983074589463461e-02
-2.434009311186916547e-01
-1.964019844290182393e-01
-1.466916695131066650e-01
-2.167157263008574197e-01
-1.582734035809430229e-01
-2.658453610445404292e-01
-1.469671713363508991e-01
-2.543743408083324331e-01
-1.490980600758801122e-01
-1.517709207890319267e-01
-4.815710722968787216e+00
-4.742929652333677915e+00
-5.867589849089895893e-01
-3.375156800274565327e+00
-2.123279919570872920e-01
-1.891223646116304558e+00
-4.195460926032428262e-01
-1.066576119163071268e-01
-1.354872949870444820e-01
-2.135855556001113320e-01
1.534318717687884970e+00
-1.118858362042440963e-01
-1.816508165388716900e-01
-3.149664344818647876e-01
-7.501943370929552435e-01
-2.200787297475575444e-01
-3.124927420244991705e-01
-1.026517640309482921e-01
-1.050327216952162246e+00
-4.680654670672276252e-01
-3.608713024385832746e+00
-2.970510278295405704e-01
-3.667024858240831575e-01
-6.242057851072286834e-01
-9.597929980303045172e-02
-2.238917176956370103e-01
-5.899367129456095649e-01
-2.784391772241586183e-01
-1.083767275692483878e+00
-1.021639076826393322e-01
-1.384211316839181749e-01
-1.436410536686491823e-01
-1.412186497185015377e-01
-1.852683183912844367e-01
-1.489127701644215040e-01
-1.419362575830916406e-01
-1.322284185598610717e+00
-1.090476190476190332e+01
-1.250225679138745882e-01
-2.866432693823998790e+00
-4.907972582972583098e+00
-7.870633876191922285e-02
-2.005603734494504908e-01
-7.410865856933631868e+00
-1.095660232478389562e-01
-1.658561851294223233e-01
-1.419692623778497254e+00
-3.345342767605568590e-01
-2.120587047750467358e-01
-1.472301896837922286e-01
-2.135361644596452391e-01
-1.265956800842539531e-01
-3.050767164850218260e-01
-1.557855283262132295e-01
-1.067013877356426804e-01
-1.054175537114701716e-01
-4.715262737863429976e+00
-1.460249444578225475e-01
-1.641569432044220900e-01
-2.510921767444953545e-01
6.784629472198957512e-01
-1.156727236884188825e-01
-9.970883662428806637e-01
-7.880858188007852649e-02
-1.226976290875236991e-01
-4.577314795084566068e-01
-1.025955305012145741e-01
-1.220713008565798008e+00
-2.449682977366400838e-01
-2.440348077571662944e-01
-1.694984091640227841e-01
-1.438167865774869492e-01
-4.587402835754957886e-01
-9.949328424970450557e-01
-1.416179802679742306e-01
-2.311023243182685594e+00
-3.335490073529505661e-01
-6.333767686738980274e-01
-1.348456360135206755e-01
-2.110353922686930783e+00
-1.206556541353174389e-01
-2.632549636276867999e-01
-9.361260496775605233e-01
-1.631043863907268576e-01
-2.336729975098926992e+00
-8.539524665800550529e-02
-1.294049789577401133e-01
-6.386292937000691561e-01
-9.422680289319518288e-02
-1.545777462769504784e-01
-2.526214195952781183e-01
-2.088936108355551102e+00
-1.868178720482094046e-01
-1.778578781363373995e+00
-3.022371885351425203e+00
-2.241564229514172002e+00
-9.371420129848358205e-02
-4.149996304328114505e+00
-1.282640424076142427e-01
-5.910501824932521409e-01
-7.247798771812237473e-02
-6.075167032129017430e-01
-7.088550910766705515e-01
6.018938462189896699e-01
-1.095538045883464873e-01
-1.011677817136576035e-01
-2.641076809646428214e-01
-5.672155519059542961e+00
-3.910700021100774748e-01
-1.896145808248242304e+00
-3.475339458466190634e-01
-3.000803638183568434e-01
-9.627994227994228993e+00
-2.133133301484213540e+00
-4.725871738670902045e-01
-1.057486694504095326e-01
-8.644568009218149551e-02
-3.851102608262051419e+00
-1.237844758288294961e-01
-2.296965417527482844e-01
-1.270832202513287601e-01
-1.175773772162114622e-01
-1.106883064863636024e-01
-2.293866202868696247e-01
-3.354752914543414066e-01
-1.625406486097272230e-01
-8.287936864097276979e-02
-8.170921289013298450e-02
-7.663343809466501011e-02
-5.433884279193402778e-01
-3.497193556821737714e-01
-8.492136610468700164e-01
-1.022327414504793502e-01
-4.702239626306123021e+00
-1.278756810708894021e+00
-1.336301651181340810e-01
-8.687652998318604047e-02
-1.210831292878918330e-01
-3.273756826249085705e+00
-9.223158426926015840e-01
-1.318090603915562375e-01
-8.841555023359752574e-02
-7.735912935474541230e-02
-3.123590463966735564e-01
-1.425760415418677318e-01
-1.303706050600768607e-01
-3.154202451586016309e+00
-6.230077498403565617e-01
-1.043208851598750042e-01
-3.293314794134812873e-01
-1.189382850476183168e-01
-2.364856360528290846e+00
-1.714424888096549859e-01
-1.898953333387509712e-01
-9.613333885271946322e-02
-1.493589443131628225e-01
-3.542786631819415666e-01
-2.959775295775479709e-01
-1.657685764910491744e-01
-3.471040440461832688e+00
-1.342702022028660902e-01
-1.025010577489667285e-01
-1.525190473793084089e-01
1.176199008346365593e+00
-1.153475463241564025e+00
-1.082830183469422614e-01
-1.940214551675681631e-01
-1.145687492676585317e-01
-7.849580922659714355e-02
-4.466947822804286261e+00
-1.342804141143176255e-01
-3.423320545156234851e-01
-1.284476690114357278e-01
-1.498265577144922700e-01
-4.851524244637671068e-01
-1.960701992364357604e-01
-9.637030654953077091e-02
-2.280336757995082841e-01
-1.980863250903506512e-01
-1.514888596167620838e+00
-5.336050061050062077e+00
-5.271993074633997134e-01
-9.560004802308054439e-02
-4.222176773326847266e-01
-2.586104883721688785e-01
-3.490742171558370299e-01
-1.278211576138539030e-01
-1.530350713818877939e-01
-1.612884679880934313e-01
-7.484439988261756271e-01
-1.853464582057224586e-01
-1.633868996012857178e-01
-9.003387420699851540e-02
-1.046049407796920544e-01
-1.761530455813181961e-01
-5.026639956658165431e-01
-1.076715269282265131e-01
-1.186905391472953264e-01
-5.578671248596637211e-01
-1.361674245272220807e-01
-4.492936141534540795e+00
-1.485527552380102589e-01
-1.806343229503883652e-01
-1.516285613055179116e-01
-2.514130359292715000e-01
-7.739360623230254199e-02
-1.539726490382172797e-01
-3.228215596565980672e+00
-2.752159358419418833e+00
-1.018990435128072913e-01
-2.574463006135211396e-01
-5.601589802453471600e-01
-2.924590545195351332e-01
-2.353222407235589786e-01
-9.682618103458497105e-02
-1.008733356655821672e-01
-3.676395191745630786e+00
-1.122045398612718514e-01
-1.004617270232372184e-01
-3.245002253161399342e+00
-8.029110734248524894e-02
-1.431497031035129930e-01
-9.207193149105877272e-02
-7.014753367880639801e-02
-2.562568155727744657e-01
-4.830863579461287527e-01
-6.097131291106516748e-01
-2.864622157595930196e-01
-1.232760478636892171e-01
-9.961508302642479995e-02
-7.564153573646989481e-02
-5.379860807332365047e-01
-3.307436858603004515e-01
-1.263912231554367827e+00
-6.547084724873450945e-01
-2.564856031344071030e-01
-1.659433906044472107e-01
-3.169126661687816648e-01
-1.356333646889811562e-01
-1.314670429784572936e-01
-1.051239550114751314e-01
-3.679660498594584661e-01
-1.086690464860303296e+00
-1.086871226689163500e-01
-8.579428168207801908e-02
-9.845969915419859608e-02
-9.710951865137501526e-02
-1.512675925070619876e+00
-9.402504238955183835e-01
-3.880079087738256272e-01
-3.381156343361560457e-01
5.448520175619789185e+00
-1.113127836216145500e-01
-2.830151792651792952e+00
-8.247109514790895712e-02
-2.974915788007093109e-01
-1.404203761224849800e-01
-1.481014097448928091e+00
-1.124543940983370738e-01
2.700035898361738518e+00
6.786328768466161065e-01
-4.558308671038497351e-01
-1.063470837016279869e-01
-1.798312533314261330e-01
-1.543860212420989475e+00
-1.587744010576709330e-01
-2.539717887751279379e-01
-1.764545110264700956e+00
-9.574692777320931159e-01
-9.877209922609513082e-02
-1.071221213263075650e-01
-2.372177686594017509e-01
-3.271380773270431974e-01
-1.628879151000376946e-01
-1.429263012522019871e-01
-8.997041907152815432e-02
-3.949874737655174162e+00
-2.121432678912391179e+00
-1.330954557578943320e-01
-1.159353925961821158e-01
-1.121342887631162633e-01
-8.216632954397192767e-01
-4.173226800532292557e+00
-7.106917102005148035e-01
-1.230254121931905198e-01
-1.903162513958647495e-01
-9.704117837243352029e-02
-8.685590715383186833e-01
-9.472921602492775928e-02
-1.443950796480547583e-01
-1.271453866948496214e-01
-1.659894790263903630e+00
1.004607246416207467e+00
-1.360554785019547352e-01
-2.060314408397932784e+00
-9.999655652054462163e-02
-3.891913387271963565e+00
-1.050138291356867981e-01
-8.160455209095954232e-02
-4.401860462374191929e-01
-8.519255184026534033e-01
-1.121658082866304057e-01
-5.011140905328679729e+00
-1.272088498731309136e-01
-7.729933417811658547e-01
-8.839654861127574370e-02
-3.296655110429326241e-01
-1.815977081000129389e-01
-6.813436345503851577e-01
-1.731821798936875045e-01
-1.177303448669215352e-01
-9.909713206180477407e-02
-2.812654883909517234e-01
-8.378974857898990880e-02
-1.257382671125271134e-01
-1.344364011498918043e-01
-5.050854479437200117e-01
-1.077920628764428568e-01
-1.040290813842214446e+00
-3.367828947793921057e-01
-3.457383419178748252e+00
-1.005748592162819671e-01
-2.887955396241357886e-01
-4.881479556959097188e+00
-1.417306563403105679e-01
-8.658425624490492245e-01
-8.866798727121094625e-02
-1.678437186673170378e-01
-3.854533950820374089e-01
-3.576466698540204381e-01
-1.095429117815955589e-01
-8.615905135116377345e-01
-2.171366583417330354e+00
-8.291441410700804704e-02
-1.932613335988866421e-01
-3.385809671050074021e-01
-5.447631706091459192e-01
-1.570203758482271450e-01
-8.730922089354177518e-02
-1.939511317789422429e-01
-2.271806780738659381e-01
-5.368516253127311177e-01
-5.998494054916960749e+00
-2.606854345553425434e-01
-9.978672145624722933e-02
-9.804415265161260662e-02
-2.378474156606554257e-01
-4.611058663397263890e-01
-1.053835281763140647e-01
-9.236260059573433989e-02
-1.773152310411617860e-01
-1.034650434325924129e-01
-7.124792316382252411e-01
-2.245344111757315630e+00
-1.097379673565150204e+00
-1.537304258371840204e-01
-1.279453618522305436e-01
-2.920021483928437744e-01
-1.085550023316449036e-01
-1.410357507267204769e-01
-1.345358242595700304e-01
-7.880310142313656785e-02
-6.995136450294765496e-01
-3.824848006749212437e-01
-4.639775910364146938e+00
-8.158009714322078665e-01
1.138766954097628847e+00
-2.049089750516305264e-01
-2.654305303059192322e-01
-3.621511075483550002e-01
-2.863113971987503725e-01
-6.601646975782423654e-01
-1.828845386061850042e-01
-2.029350514821798845e-01
-7.611043763232359927e-02
-2.236558605978793413e-01
-2.314420358432727753e-01
-9.533481115462828781e-02
-1.252768160954283172e-01
-1.633967945233063546e-01
-5.110900319864883912e-01
-4.055499749452762814e-01
-2.099421935993143418e+00
-1.481367822229970876e-01
-1.537619692770634039e+00
-3.298336793925029653e+00
-7.312238563168791394e-01
-2.297473884045091452e+00
-1.627652752412013792e-01
-1.524932718350340832e-01
-3.587480634150605474e-01
3.550954696574093461e+00
-2.164452255714334861e+00
-2.553930298577683500e-01
-2.966063209399621314e+00
-1.459081987619244292e-01
-1.619447369602075248e+00
-6.506079313582455725e-01
-4.013311736470143720e-01
-5.288119643014326243e-01
-5.423610209279610128e-01
6.991957048564837462e-01
-2.443960764396949648e-01
-1.790261457160845782e-01
-1.175268685077655584e-01
-1.630312006656994273e-01
-3.211213171932986388e+00
-3.989845744573448094e+00
-9.741771026915782561e-02
-8.322249084007823927e-02
-2.646016987801512177e-01
-9.301685301618750623e-01
-2.531800147525142819e-01
-8.549422935360395659e-02
-3.953129151445278766e-01
-1.364730551779595735e-01
-4.084539572058432655e-01
-1.803405901674397238e-01
-2.814406683214732752e+00
-2.574941686650941142e-01
-4.897521835099714616e-01
-3.992747545326750025e+00
-1.660520484418045173e-01
-1.533862267035023819e-01
-7.687277388919992738e-02
-1.263243247407528358e-01
-1.466708036932591885e-01
-3.197541156347921132e-01
-1.195933650022054512e-01
-8.290501254832149947e-02
-2.474664570010343123e+00
-6.688550372727373183e-01
-1.027150822664984336e-01
-1.094692219720686255e-01
-1.176672430142818165e-01
-7.608324136211104538e-02
-1.654761194693551651e+00
-5.002956251781673913e-01
-8.468387750357058152e+00
-5.920011671326370628e-01
-2.037212970555617009e+00
-1.497162876819023436e-01
-1.091546365907713201e-01
-2.481741413406281238e-01
-1.175206103200914898e+00
-9.883426175193370244e-02
-2.758764607339321273e-01
-7.139237639401570246e-02
3.998758393345674289e+00
-9.287304742938876645e-01
-1.678040822016966527e-01
-1.108181992439890157e-01
-1.568857262320466905e-01
-1.276575029656913662e-01
-6.358669108669108283e+00
-3.502852638217162640e-01
-2.370540186700123564e-01
-1.307632785690141519e-01
-4.780011244487274435e-01
-2.972487364735143966e+00
2.954653721881982609e+00
-1.325354992559208134e-01
-1.428142168232147402e-01
-2.871121740074562556e-01
-2.029334260076983421e-01
-8.704824951028760083e-01
-8.913971995865558329e-01
-3.081176931528515350e-01
-1.115598026596172354e-01
-2.783680831252650645e+00
-9.753222539521957946e-02
-1.540180922575937528e+00
-5.343962429000153058e-01
-1.107569919743720960e-01
-9.324673861748719594e-02
-1.356308449497394819e-01
-3.143922216286720306e-01
-9.326481889503397682e-02
-2.438783435114507014e+00
-1.728173131377687133e-01
-2.061633272212204937e-01
1.742233482070539408e+00
-1.853987023900252606e-01
-9.095615945132054514e-02
-3.222619221955215219e-01
-7.602358186966502729e-02
-3.409146771423460787e-01
-1.483499395620502925e+00
-3.481938224968790796e-01
-3.683704203134917643e-01
-2.355173639537062158e+00
-1.343301470385175334e+00
-3.438281323229009367e-01
-8.602002398250706283e-02
-3.684728560381400619e-01
-2.295907603823433618e+00
-8.543586768015523636e-02
-9.120272422254230293e-02
-1.464423914805638716e-01
-1.036584115704725084e-01
-1.667984011685152756e+00
-8.988106721756051742e-01
-4.622468747139799383e+00
-2.289001099478352730e-01
-4.518328727510070864e-01
-5.332663806961143171e-01
-9.481480719222194764e-02
-5.505153081835931772e-01
-1.271828513846499364e-01
-8.536215772951774583e-02
-3.376710517542354517e-01
-1.177504374882662741e-01
-1.019608409421671469e-01
-3.697256665004732268e-01
-8.115632686803938567e-01
-9.511566020531826704e-02
-2.936720324235488899e-01
-1.670583596966327633e+00
-1.512338584546369935e-01
-2.213437773874128434e-01
-1.606670357498604373e-01
-1.629834009176929777e-01
-2.779288733730785221e+00
-1.292883664560178780e-01
-4.925978166513757528e-01
-5.209730498402515231e+00
-8.812128471035517163e-02
-1.334301930733337305e-01
-1.890663423586162739e-01
-2.856479002168729742e-01
-4.008890198674953109e-01
-1.150507912065137583e+00
-5.811676924417161771e-01
-3.339549940261469230e-01
-4.926420840428275549e-01
-1.874262091239790873e-01
-1.134326389799333312e-01
-1.602411966712976810e+00
-7.986227385634575571e-02
-9.355332585814642166e-02
-1.598956765190782114e-01
-1.258175447553648019e-01
-9.701741297228547167e-02
-4.137316800649752047e+00
-4.381463964390829857e-01
-1.395018654319795381e-01
-2.651182470369104038e+00
-1.019778369887413216e+00
-3.038836850521981492e-01
-4.348372924436267883e-01
-2.244415353856780149e-01
-1.110212727313812930e-01
-3.103168209883088169e-01
-4.171770581669670408e-01
-4.946800421800420899e+00
-1.265869641809201362e-01
-2.505400591593354154e-01
-2.054137213075173940e-01
-1.006628164281015286e-01
-1.099594247712661066e-01
-1.635620217796143749e-01
-3.836608052073351982e-01
-1.061559130721234506e-01
-2.045394492647786278e-01
-8.237610230422712232e-02
-9.561257416537757847e-02
-1.135384924765284187e-01
-2.319152568812715698e-01
-1.309495104845331548e-01
-1.015858837297886896e-01
-1.696283807712945513e-01
-9.651790468651584576e-02
-9.287604891738997226e-02
-9.429302621598455170e-02
-2.800782115274575990e-01
-6.690108470619448022e-01
-6.792695925650937827e-01
-4.011231792135868113e-01
-8.962498549751511667e-02
-6.740318476428415195e-01
-1.309079349592207342e-01
-1.322032486115782002e-01
1.077723167789338854e+00
-4.525261026488502925e-01
-2.735970704425973454e-01
-1.729672181774969952e-01
-1.825629052861036661e-01
-1.104706332376721445e-01
-6.878933089499573938e+00
-3.390481708277394146e-01
-1.658902107046048291e-01
-1.015681465971823016e-01
-1.222052520786966745e-01
-1.138853843234173963e-01
-4.447768189864562682e-01
-1.130005632861206477e+00
-1.370796032654109098e-01
-1.268054759557160904e-01
-1.013270601672914412e-01
-8.765513957671182410e-02
-1.028567696209899074e+00
-1.354934777008393043e-01
-2.721321012780516746e+00
-4.645020551268407294e-01
-2.159515798474297144e-01
-3.084546294459410976e-01
-1.195917352228861585e-01
-1.181295706476266222e-01
-1.819821650323745210e-01
-6.156367608999188334e+00
-2.770904775592061275e-01
-1.716484231487259426e-01
-9.884745247309730809e-01
-8.544903882810035711e-02
-1.356585647385855353e-01
-6.126786998691023278e+00
-9.353148394072720306e-02
-1.937264873585948233e-01
-1.227165470880753895e-01
-1.319338107396192394e-01
-2.806815358003270866e+00
-2.776193302798656282e-01
-1.514780276677763160e+00
-7.567735278422990652e-02
-4.935049026575863418e-01
-3.639227831860689100e-01
-1.131664583477497987e-01
-1.171823022474563630e-01
-3.194938720806482224e-01
-4.175437979355414719e-01
-9.330604197035261005e-02
-1.663530997105640896e+00
1.751768411029051453e+00
-7.810843915698971462e-02
-9.886163412939132089e-02
-9.669624913505017738e-02
-2.556870718444692603e-01
-1.382243038026790938e+00
-1.226825362573829431e-01
-2.271189697147583675e-01
-9.259761988137243938e-02
-1.421842352978010537e-01
-1.361020132348824685e-01
-4.290060970613982505e-01
-3.978420331999822923e-01
-2.424151931182994546e-01
-9.260091622288982305e-02
-7.782621771826524204e-02
-1.972542661462400426e+00
-1.546886639201741076e-01
-2.234092837903611795e+00
-1.515295571778438599e-01
-1.191779232305158337e-01
-5.359983520339759444e-01
-7.070084653058979207e-02
-3.269740561767670028e-01
-3.978631314505927996e+00
-1.119861747801852436e-01
-2.709838327159027616e-01
-1.045181507168533863e-01
-1.911810346855556397e-01
-2.051835811144482768e+00
-2.846029482398438892e-01
-4.409257964079434933e-01
-7.489866534271754084e-01
-1.281130560991114553e+00
-1.507239622575342330e-01
-9.732739404234420910e-02
-5.547050888943421132e-01
-5.589047542833223137e-01
-9.667261684754634155e-02
-1.214858464927017906e-01
-7.938951218721143621e-02
-3.198061543959523911e-01
-4.733116902640185919e-01
-1.867669531260988114e-01
3.387412832006502672e+00
-2.883150415544867284e-01
-2.656911200696365216e-01
-1.154916720539190672e-01
-1.424418253387397526e-01
-2.627658328162693624e-01
-5.698563696634664222e-01
-1.803602706247573184e-01
-1.848654352373637344e-01
-4.828777615084775543e-01
-1.474496526606346170e-01
-9.002838787364628170e-02
-5.803105920646550731e-01
-1.175373054964742175e-01
-1.490255291615760758e-01
-1.729223064364154572e-01
-1.480562440776707900e-01
-1.742942055847956084e-01
-2.436726115834536799e+00
-2.292233258182022337e-01
-8.791269841269839347e+00
-5.591085900129897368e-01
-2.102543017899722422e+00
-2.668945820097330390e-01
-8.073938015371785737e-02
-1.257646943688580099e-01
-1.459040877279035031e-01
-2.935509006109115582e+00
-3.793192054171630634e+00
-2.042588775128168777e-01
-4.361983485380832581e-01
-1.266210780868772534e-01
-2.805769453621115517e+00
-2.267316607421096530e-01
-2.031452281167088203e-01
-8.086542721889348195e-01
-1.156205852875944323e-01
-9.293575133084117090e-02
-1.357357875158112792e-01
-1.165165979976866550e-01
-1.406844935986120704e-01
-1.701824953042443411e-01
-1.674618585437660789e-01
-1.397118425844063871e+00
-1.226884250968401480e+00
-7.374080403630864922e-01
-1.511190790109399607e-01
-5.684317224219969766e+00
-5.703491455264706467e-01
-9.218966909957327927e-01
-1.703719079699392569e-01
-9.163951223580455441e-01
-1.323925643659860096e-01
-1.831147554463596894e-01
-3.730121157949296551e-01
-1.157138614387711317e-01
-1.668945977363799904e-01
-4.933401598818446532e-01
-1.015723750164194694e-01
-1.233819677470512355e-01
-3.148086899627609014e-01
-1.361757497997158339e-01
-3.459786764586791019e+00
2.379630810510997119e+00
-8.281151079250619051e-02
-2.612657743199289784e-01
-2.200958620544490318e-01
-1.330269390693194165e+00
-2.311490841139745012e-01
-2.378450907424936589e-01
-4.117165251516900604e+00
-2.121174685313053643e-01
-1.600306488111251646e-01
-5.700791600959789207e-01
-9.674905129450138419e-02
-2.410117598008704731e-01
-1.458871475914157445e-01
-6.193515694831484453e+00
-2.904066917657455171e-01
-7.916593052142177900e-01
-1.414556786981096548e-01
-1.239657725429674229e-01
-2.395753577627723008e+00
-7.809007047575618199e-02
-3.210641837300015622e-01
-8.154543625347879243e-02
-1.343978340159530660e-01
-1.903367099352483716e-01
2.206474912355100404e+00
-3.108517152132651562e-01
-1.732344985879911148e-01
-5.008196172133959623e-01
-1.829249786162185643e-01
-4.339405039405039410e+00
-1.375596863279248960e-01
2.486916043460471126e+00
-3.520532610405094909e-01
-2.008032794597931214e-01
-3.212497201498413002e+00
-1.040133063343886138e-01
8.907965201054812709e-01
-1.008637224131984367e-01
-1.402682525574559802e-01
-9.572609500853052067e-02
-5.199493154099256165e-01
-1.540666687337763074e-01
-8.159959120261514598e-02
-5.174159820414852007e-01
-2.630545829053143048e-01
-7.960654617254345200e-02
-7.070382006519594642e-02
-1.022451765250648181e+00
-1.765778959899048983e+00
-2.644472896577557131e-01
-7.121137104456082279e-02
-9.194139713840214501e-02
-3.190555335533441506e-01
-2.249921557960383733e+00
-3.218552746145955656e-01
-1.240737540952761425e-01
-1.330390547199027662e-01
-5.467435342435342349e+00
-1.319212734881140270e-01
-9.206547233999397284e-02
-8.601858956286277669e-02
-1.426146097097008292e-01
-8.457783463370374677e-02
-9.852924175032338194e-01
-2.438135014960147173e-01
-1.082958714871991301e-01
-1.914343202938140198e-01
-1.118531902616578394e-01
2.477620054495590196e+00
-5.303369341633117351e-01
-4.650066941879748561e-01
-4.349040643739218170e-01
-1.507949565898112909e-01
-5.663823340816772633e-01
-6.771893822504693183e-01
-3.047654677772256848e-01
-3.836073997728650653e-01
-1.143566268718200635e-01
-9.529086644043205379e-02
-1.271400303084820049e-01
-1.802573311482425500e-01
-2.292855625130695074e+00
-3.319770869957435089e+00
-7.913246148937849722e-02
-5.510341805217979783e-01
-4.761882631934102883e-01
-1.439084028890869060e-01
-1.100301056503520281e+00
-2.374575141132169609e+00
-8.977616763888521256e-02
-9.173771291078810508e-01
-2.789577994698810293e-01
-2.708936542229170574e-01
-3.143932998744370377e-01
-7.717546014494636175e-02
-1.403297970993195587e-01
-1.187316768610500450e-01
-1.288695043381067606e-01
-1.469259469879522217e-01
-2.032314069308696347e-01
-4.660928855068274812e-01
-1.665348328451168591e-01
-7.058956549516103018e-02
-8.516094879967328612e-02
-1.471036119532893871e-01
-2.694271181908005630e-01
-2.543088693237770315e+00
-7.428818907677593730e-02
-1.205765211827487526e-01
-1.292958930160113262e-01
-1.710854433959317078e-01
-1.616887241301588896e-01
-1.256265906562170909e-01
-2.846252202043281776e-01
-1.803461523819496481e-01
-7.301576975674134440e-01
-1.176989119892068031e-01
-6.259833135811470051e-01
-3.652200769434917893e-01
-4.846158008658008498e+00
-1.466426189589016549e-01
-8.108990040569087621e-02
-8.972787458666887928e-02
-3.597858477128921262e-01
-7.143416900621979426e-01
-4.555953336845181556e-01
-3.234345572540365588e+00
-3.318579415842086711e-01
-9.241617264585044733e-02
-2.072059364579665330e-01
-2.875180423590275591e-01
-1.860220711915223368e-01
-1.130090545387621437e-01
-9.311865176253143750e-02
-4.266189496649724355e-01
-1.890757471742732510e-01
-2.168736629715545261e-01
-8.769889157434518356e-02
-7.823761716986953052e-02
-2.903492031663624795e-01
-2.427607702285892455e-01
-2.414772402184463207e+00
-2.075685926874046405e+00
-8.638645812471318353e-02
-7.520052853301828488e-02
-2.907526733969011401e-01
-1.095028873435211353e-01
-3.597251818982289961e-01
-1.125615977253964894e+00
-4.157766083495368359e-01
-1.069388092696366838e-01
-1.478921206670604505e-01
-9.907746981979784762e-01
-3.191049622256715956e+00
-3.827641083770778607e+00
-1.632353356021605806e-01
-1.351483027517815239e-01
-2.666439995189995305e+00
-7.489200689697199653e-01
-1.076312732393378130e-01
-1.105021336881862742e-01
-3.485238002774049271e-01
-7.770245186684503202e-02
-1.454121392958959147e-01
-1.064206523421469930e+00
-2.476649993456364329e-01
-1.024605470643474153e-01
-1.086886605583357035e-01
-1.045428194697570479e-01
3.425636488973770266e+00
-1.204754156847971241e-01
-3.440659882558977589e+00
-3.113668969918970575e+00
-8.969150982250327642e-02
1.085342208650789786e+00
-3.188477559404373496e-01
-1.789964480501797794e-01
-8.646265831791954959e-01
-1.468124327077377222e-01
-2.642813555815557436e-01
-5.296618819558905900e-01
-1.999766018742215878e-01
-7.420625548943760030e-01
-1.557442962415031829e-01
-5.037219780477156794e-01
-1.419037556695899871e-01
-1.196778838924307808e-01
-3.612248379273354515e-01
-1.984447990378592319e+00
6.604962330511168211e-01
-7.052814254555992424e-01
-6.912143170183848717e-01
-3.693252130025100888e-01
-6.195832779822546543e-01
-1.194769109124279166e-01
-1.144175859083498975e-01
-1.642853574621309098e+00
1.000160672788694249e+00
-5.392277444886037774e-01
-5.132726360592934078e-01
-4.114186644368022505e-01
-9.649177579138082383e-02
-3.256423052690327058e-01
-3.724192698176428951e-01
-1.328394490242383041e-01
4.423187730190041300e+00
7.783053077690471611e-01
-1.302524238382430921e-01
-1.817066939777097767e-01
-1.111430339996911376e-01
-1.157019174175152182e-01
-1.763667688563907987e-01
-1.169236061421265183e-01
-2.117945685056009386e-01
-1.363751601729220886e-01
-3.227103597837900906e-01
-1.100493081065355983e-01
-1.451706689067183975e-01
-1.480883288088633010e-01
-1.169603312095276459e-01
-8.334023625980033212e-02
-9.799719027291178830e-02
-3.068648545501662661e-01
-4.621511821511822049e+00
-8.826790249515334419e-02
-1.308164867883601368e-01
-1.091190268833855115e-01
-8.237476960832063044e-02
-4.015887692546671772e+00
-9.467024319376365904e-02
-9.231538298842904833e-02
-1.970734592435387178e+00
-1.658088602544953993e-01
-1.139590488895304288e-01
-7.580997261250570218e-02
-2.159086949192836169e+00
-6.807750496213929026e-01
-1.066440399572714665e-01
-1.185752284442582877e-01
-2.623278593558444616e+00
-8.259811957710072594e-01
-3.714770604306022461e-01
-9.707280497865049262e-02
-1.441183149806081198e+00
-2.054159612104992649e-01
-1.026531591270503641e-01
-1.067879786866175879e-01
-1.696980067549152815e-01
-5.753932927146475862e+00
-3.390767838802346001e-01
-9.665956435792288914e-02
-8.636204971499090277e+00
-7.565534145923705767e-01
-1.002538574431788565e-01
-1.169051037514040381e+00
-2.538508583236147031e-01
-9.364737572389869591e-02
-9.825178097298237212e-02
-1.278066853668948788e-01
-2.801962454899673993e+00
-2.993848618057123101e+00
-1.683594529928039152e-01
-1.734322445300490179e-01
-2.364916387105473750e-01
-4.119549196344525654e+00
-1.187954907036547214e-01
-1.039919943095036214e-01
-2.386574781586223715e+00
-8.864593099896983519e-02
1.160020471931250796e+00
-8.338889236306880337e-02
-1.174090256981841357e-01
7.352813366927505312e-01
1.475611847765207596e+00
-1.831252531610924272e+00
-9.943738543642904881e-01
-1.003303333328307567e-01
-3.215232926449417272e-01
-5.798260212379199308e-01
-1.559662720598451735e-01
-1.115866056429790087e-01
1.139581843876186884e+00
-1.227085500625711978e+00
-2.640139317313229927e+00
-1.101965907481079754e-01
-1.341018270639218191e-01
-9.301601153224803298e-02
-9.963897241534656890e-02
-1.408680051803962718e-01
-2.744034066506316760e-01
-9.183163229401897221e-02
-1.840726145421749171e+00
-3.102353193076813342e-01
-1.074724383099322639e-01
-2.743114660985504827e+00
-2.163331252016513773e-01
-3.190028191887279707e-01
-9.827041379261840237e-02
-1.200522648152384936e-01
-9.729706928771161834e-02
-1.370673492288592588e+00
-1.130818905169312522e-01
-4.218699271836590103e-01
-9.036200199282999612e-02
-2.879508543095500084e+00
-3.255147963715738335e+00
-1.103421536970719818e-01
-3.670158149694004446e-01
-8.714935682267363481e-02
-1.160858164843424634e-01
-8.971819113182992467e-02
-9.500986381562502581e-02
-1.420063681974754188e-01
-1.248674034859513504e-01
-2.089082416536847675e-01
-9.178096436430063787e-02
7.462704376960480612e-01
-1.651944212868406980e-01
-2.290293942492039325e-01
-9.461602952577577441e-02
-1.482863665075329629e-01
-1.402606608613989059e-01
-5.270503239423137698e-01
-1.334959452701678373e-01
-4.673376251942549242e-01
-1.926130101256816607e-01
-7.738348221457665987e-01
1.838743113478653379e+00
-7.242137279929892202e-01
-1.011162679666651326e-01
-1.835151490939890828e-01
-1.408424708215762378e+00
-1.052455727493393361e-01
-1.051171528014412937e-01
-8.759458205184834645e-01
-3.746250353507185604e-01
2.558587235462770781e+00
-1.635590695296457175e-01
-2.800398877901436046e-01
-1.477979591623037159e+00
-1.385032870896720225e-01
-1.099392302045690550e-01
-3.940614044722159925e-01
-1.554841736006254138e-01
-3.402616696703516297e+00
-8.351226551226551109e+00
-9.607528329163800285e-01
-1.069600984913285480e+00
-3.460186168859390454e-01
-4.084192507547706796e+00
-8.515956442518751723e-02
-1.071677157397337016e-01
-1.430004967428783469e-01
-5.823839890190231072e-01
-2.313056513620766474e-01
-1.186841668371363123e-01
-1.238838797472941733e-01
-9.202546354770615999e-02
-6.937069181019888120e-01
-8.589285005773027448e-01
-1.942453576096500323e-01
-2.495921722588955449e-01
-1.315225269245115847e+00
-3.290845146562334511e-01
2.880068089552320298e+00
-4.250220395477350976e-01
-1.020446897199105973e-01
1.427830270918513333e+00
-1.105481019439179258e-01
-8.468998861383979226e-02
-2.761902458656358972e-01
-1.398454567100760604e-01
-2.323584294124961258e-01
-6.574684477732158916e-01
-2.209982872657192121e-01
-1.729335291913484340e+00
-1.293858249335615163e-01
-3.307546519691627052e-01
-1.114483939591976724e-01
-9.229086213463591482e-02
-3.909408011181006448e-01
-1.664285996803954171e-01
-1.401163901417207536e-01
-3.473673970956580259e+00
-2.682378313537727155e-01
-1.395709651631435733e-01
-1.028268057088211895e-01
-3.028560150051548550e-01
-1.348637796369985542e-01
9.159770988869916364e-01
-2.622867414010883746e-01
-1.710843212939787972e-01
-7.457243282998701761e-02
-1.157505599866138102e+00
-1.122017101045789667e-01
-8.652630336383380916e-02
-1.107776207397815765e-01
-3.607936612018619593e-01
-1.231422685430840352e-01
-9.764554251309111310e-02
-8.434403179801172601e-02
-2.759407667792597718e-01
-5.454685889450172631e-01
-3.164049732750832677e-01
-1.557539421242297162e-01
-8.953308047732443098e-02
-4.692276797378185371e+00
4.094377336949801993e+00
-5.712614826930135781e-01
-8.490046220579508529e-02
-1.712295261337159202e-01
-1.927733279028511326e+00
-8.962377528225669021e-01
-6.411754339188471263e-01
-4.644781124672430650e+00
-1.028274289090626847e-01
-5.928268009375200487e-01
-2.663422171510407388e+00
-8.729482009118316732e-02
-1.303544784373874277e-01
-1.619651555905921025e-01
-2.605772350159442086e-01
6.329003089632573298e-01
-9.939074610378925700e-02
-1.571747377398687029e-01
-2.024438525259692478e-01
-1.780111890992611967e-01
-3.624258396025574203e-01
-2.499844340412721966e+00
-8.209980965462219948e-02
-2.393151681263805675e-01
-2.272866931306567917e+00
-1.091048190384529937e+00
-2.773519101618679539e+00
-3.177063464986265573e-01
-8.659763636351905380e-02
-1.023590415663054448e-01
-1.562803334915044973e-01
-2.063878241152945214e-01
-1.861224199926323930e+00
-3.507691260708822867e-01
-2.055845849681658954e-01
-1.595757049035321506e-01
-9.966322851694200957e-02
-5.143028891056263818e-01
-1.289767914973183993e+00
-1.342578967856186134e-01
-7.136406046449325080e-01
-1.235142393009924511e-01
-2.248545602654202225e-01
-1.333650636053802241e-01
-1.262385412468842172e-01
-1.564598110268994757e+00
-9.939742405195815811e-02
-8.483894827966664831e-02
1.068629695539086821e+00
-9.866287078818140877e-02
-2.463542653095927570e-01
-6.274462853297739784e-01
-4.008179508194650964e+00
-3.468322154512440414e-01
-6.143650793650794029e+00
-1.200609050619865226e-01
-1.093431769402798404e-01
-1.350856578303471167e+00
-8.066867594774859151e-01
-4.713051909837688291e-01
-2.498899321488809999e-01
-4.807307960023252114e-01
-1.319073614903593095e+00
-7.315426693747398290e-02
-5.272836383400840710e-01
-1.740122178512699680e+00
-7.863460819211975927e-02
-3.241809040550411858e-01
-7.412287758332226917e-02
-1.318292301654228504e+00
-4.838964179549760103e-01
7.903146055423978522e-01
-3.611217022381358333e-01
-1.356007051738604141e-01
-1.240964026386001812e-01
-1.198227841278759753e-01
-1.346489461038853919e-01
1.236122384770968363e+00
-6.762560047013835840e-01
-1.551109460455935007e+00
-5.749527644368802592e-01
-1.078773586845035992e-01
-6.046445244317883994e-01
-3.984826512857417846e-01
-1.986321206579794441e-01
-2.100050814913111963e-01
-1.837182515193253041e-01
-4.196920040861903400e-01
-7.946521379116915085e-02
-2.505771157463155818e-01
-2.328069732891530352e-01
-1.615699518459539519e+00
-1.925526080302534471e+00
-1.876112344071884652e-01
-9.064765825390835863e-02
-1.106929450574526269e-01
-8.671150856584005640e-01
-9.127722277722279287e+00
-1.033631083159510938e-01
2.436467122225511428e+00
-3.665781264965211061e-01
-8.198168852889253788e-02
-2.066742579904176313e+00
-9.991804875283070153e-01
-1.705557076685175755e-01
-3.423221086043241712e+00
-3.297584659540945040e+00
-6.126728389083200277e-01
-6.889929168490259714e-01
-9.562881030746375743e-02
-1.107776207397815904e-01
-1.150702224252995592e-01
-1.878410562995398714e-01
1.692843665307435685e+00
-1.158882691602697440e-01
-1.987514157076845922e-01
-1.269725952798728408e-01
-1.746599204063093436e-01
-3.913379790426765314e-01
-1.438466430864544787e-01
-1.343349910514872458e-01
-2.626814224547124876e-01
-7.463503163503162341e+00
-1.003612190402196763e-01
-2.183987647027985091e-01
-5.519232062788636206e+00
-1.523852126081055580e-01
-2.376979268058484696e+00
-8.557758586233592257e-02
-3.388505456037138153e+00
-1.038552373053454186e-01
-9.551569055684904219e-01
-1.829390777011460079e-01
-8.238704467379646956e-02
-1.679973943845636530e-01
-9.213648990614650702e-02
-1.342725306787209971e-01
-9.499637740224879667e-02
-1.366884118295245143e-01
-1.100000000000000000e+01
-7.501678990222517829e-01
-2.084492251733477963e-01
-1.380084731302952950e-01
-4.456247436138740525e+00
-3.587531230905094404e-01
-8.335176155400879361e-02
-4.244932320574505979e+00
-1.134028940365655741e-01
-1.365104717291909742e+00
-3.764686201036842039e-01
-1.014966549351925762e+00
-1.066630042502833692e-01
-2.706701215633070534e-01
-9.295541595604002449e-02
-4.380261719743082649e-01
-8.297802452954838870e-02
-8.500683981002789269e-02
-3.583892393828442824e-01
-2.591880926384226846e-01
-1.419935526040470852e-01
-1.906172401160773633e-01
-1.308911496969563937e-01
-1.862035985548167849e+00
-2.152777701406859701e-01
1.091022276557793713e+00
-2.162815794642409362e+00
-2.087955059789053269e+00
-1.718111371832664325e-01
-2.501457187743097332e+00
-1.299582223221021626e-01
-2.427745849683678458e-01
-1.530558598114280799e-01
-9.643115464653220226e-01
-1.579819076141235346e-01
-1.421315249626846078e-01
-1.171689619858939241e-01
-1.011390100288312333e+00
-6.619689945614700699e-01
-1.839378781462687185e+00
-1.977841164737292323e-01
-1.117080548995000311e-01
-3.789797028006743340e-01
-9.930360700382076522e-02
-9.092197877681872098e-02
-1.133664315699598468e-01
-1.082389529744606782e-01
-3.227820876536794392e-01
-1.318243363152451497e-01
-2.400201629575775097e+00
-2.127043533281645082e-01
-3.110181223775772552e-01
-3.886260076586416812e+00
-1.910044712358280661e+00
-2.782641405721900885e+00
6.306322344371181332e-01
-1.072246456483432614e-01
-1.032580959302067808e-01
-1.757927482021567067e-01
-1.041155286643359879e-01
-4.390281405379543589e-01
-4.736111597495357706e-01
-1.382693005168879608e-01
-3.982245732647873293e+00
-1.049116891469992874e+00
-1.875961335089419701e-01
-1.050348725017070523e-01
-2.674969558913599665e-01
-1.037853120468274493e-01
-1.319387568216275064e-01
-2.083722222854821615e-01
-7.162037809378101194e-01
-3.157384148458973194e-01
-8.063423717886896158e-01
-5.775901875901874760e+00
-1.585404506552720028e-01
-1.117484116084129925e-01
-3.212414644770081873e-01
-9.084607725791433719e-01
-2.956997312436721037e-01
-5.474756244743691491e-01
-4.445512656449587818e-01
-3.189463180543709031e-01
-6.748037609958318361e-02
-2.807456649857277053e+00
-8.938911569663021695e-01
-1.069807623768979227e-01
-7.770245186684503202e-02
-7.038292192535163805e-01
-1.202555873473382664e-01
-3.908578349913492955e-01
-9.762907171756897151e-01
-4.387137962722824636e-01
-2.562541120177591059e-01
1.316225312617799181e+00
-1.338169812839761774e-01
-1.042887501632460967e-01
-2.045480641383317977e+00
-3.868947968410139104e-01
-9.252544333245443786e-02
-1.440118515007469957e-01
-1.950300053063944161e-01
-7.004816844534749176e-01
-2.781236408205189359e-01
-1.768436273036042561e-01
